walk
0.034 0.0 -0.029 -0.171 0.395 0.2 0.415 -0.19 -0.259 -0.254 -0.21 0.171 -3.0  0.034 0.0 0.054 -0.171 0.229 0.054 0.01 -0.015 -0.015 -0.756 -0.049 0.059 0.0  0.034 0.0 0.395 0.2 -0.029 -0.171 -0.259 -0.254 0.415 -0.19 0.171 -0.21 -3.0  0.034 0.0 0.229 0.054 0.054 -0.171 -0.015 -0.756 0.01 -0.015 0.059 -0.049 0.0
0.236 0.472 0.236 0.472
true
false true true false
0

run
-0.059 -0.376 -0.773 2.244 0.259 2.098 1.156 -0.699 0.073 -1.479 0.01 0.0 -10.0  -0.059 -0.376 -0.605 1.82 -0.071 1.829 0.873 -0.924 0.298 -1.475 0.39 -0.288 -13.0  -0.059 -0.376 -0.407 1.561 -0.451 1.449 0.532 -0.823 0.868 -1.801 0.62 -0.049 -15.0  -0.059 -0.376 -0.115 1.854 -0.612 1.781 0.059 -0.221 1.146 -1.661 0.498 -0.078 -9.0  -0.059 -0.376 0.171 2.063 -0.773 2.078 -0.195 -0.379 1.405 -1.172 0.493 -0.078 -12.0  -0.059 -0.376 0.09 2.098 -0.773 2.244 0.073 -1.479 1.156 -0.543 0.0 0.01 -10.0  -0.059 -0.376 -0.137 1.829 -0.605 1.951 0.537 -1.549 0.873 -0.924 -0.312 0.39 -13.0  -0.059 -0.376 -0.451 1.517 -0.356 1.517 0.971 -1.84 0.532 -0.823 -0.049 0.62 -15.0  -0.059 -0.376 -0.612 1.863 -0.049 1.737 1.02 -1.281 0.088 -0.128 -0.078 0.381 -9.0  -0.059 -0.376 -0.693 1.966 0.207 1.912 1.39 -1.293 -0.195 -0.379 -0.078 0.493 -12.0
0.05 0.05 0.07 0.07 0.08 0.05 0.05 0.07 0.07 0.08
true
false true true true true true false false false false
0

takeout_long_weapon
0.0 -0.039 2.124 2.015 2.988 2.712 -0.107 0.0 0.259 -0.248 0.068 0.0 0.0  0.0 -0.137 0.822 1.415 2.549 1.805 -0.049 -0.225 0.42 -0.248 0.322 0.0 -4.0  0.0 -0.293 -0.898 0.785 0.771 0.551 -0.268 0.0 1.083 -0.835 0.322 0.0 -16.0
0.2 0.2 0.2
false
false false false
1

takeout_short_weapon
0.0 -0.044 -1.19 1.278 -1.022 1.059 0.254 -0.097 -0.141 0.0 -0.112 0.093 -2.0  0.0 -0.18 -1.571 1.678 -1.271 1.244 0.737 -0.485 -0.078 -0.26 0.0 0.322 -8.0  0.0 -0.293 -0.898 0.785 0.771 0.551 1.083 -0.835 -0.268 0.0 0.0 0.322 -18.0
0.2 0.2 0.2
false
true true true
1

putback_short_weapon
0.0 -0.293 -0.898 0.785 0.771 0.551 1.083 -0.835 -0.268 0.0 0.0 0.322 -18.0  0.0 -0.18 -1.571 1.678 -1.271 1.244 0.737 -0.485 -0.078 -0.26 0.0 0.322 -8.0  0.0 -0.044 -1.19 1.278 -1.022 1.059 0.254 -0.097 -0.141 0.0 -0.112 0.093 -2.0
0.2 0.2 0.2
false
true true true
1

putback_long_weapon
0.0 -0.293 -0.898 0.785 0.771 0.551 -0.268 0.0 1.083 -0.835 0.322 0.0 -16.0  0.0 -0.137 0.822 1.415 2.549 1.805 -0.049 -0.225 0.42 -0.248 0.322 0.0 -4.0  0.0 -0.039 2.124 2.015 2.988 2.712 -0.107 0.0 0.259 -0.248 0.068 0.0 0.0
0.2 0.2 0.2
false
false false false
1

idle_short_weapon
0.0 -0.293 -0.898 0.785 0.771 0.551 1.083 -0.835 -0.268 0.0 0.0 0.322 -18.0  0.0 -0.293 -0.605 0.922 0.346 0.551 0.824 -0.423 -0.166 -0.167 -0.156 0.161 -9.0
0.61 0.49
true
true true
0

idle_long_weapon
0.0 -0.293 -0.898 0.785 0.771 0.551 -0.268 0.0 1.083 -0.835 0.322 0.0 -18.0  0.0 -0.293 -0.723 0.785 0.946 0.551 -0.166 -0.167 0.824 -0.423 0.161 -0.156 -9.0
0.61 0.49
true
false false
0

0#3
0.0 0.078 -0.795 1.454 0.668 0.0 1.088 -1.615 -0.751 -0.446 0.429 0.478 -43.0  0.0 -0.171 -0.188 2.459 2.849 0.107 0.356 -0.99 -0.21 -0.446 0.429 0.478 57.0  0.0 -0.171 -0.188 2.459 2.849 0.107 0.356 -0.99 -0.21 -0.446 0.429 0.478 37.0  0.0 -0.473 -0.188 0.942 0.544 0.107 1.342 -0.99 0.044 -0.446 -0.024 0.478 -20.0
0.18 0.14 0.16 0.2
false
false false false false
2

00#3
0.0 -0.473 -0.759 0.942 0.639 0.107 1.342 -0.99 0.044 -0.446 -0.024 0.478 -20.0  0.0 -0.917 -0.393 1.629 1.078 0.107 1.571 -1.401 0.322 -0.446 0.337 0.478 -23.0  0.0 -0.376 0.002 0.82 0.998 0.273 1.19 -0.99 0.029 -0.446 -0.024 0.478 -17.0
0.2 0.2 0.2
false
false false false
2

000#3
0.0 -0.376 0.002 0.82 0.998 0.273 1.19 -0.99 0.029 -0.446 -0.024 0.478 -19.0  0.0 -0.507 -0.422 2.005 3.142 0.273 1.434 -0.99 0.029 -0.446 -0.024 0.478 -23.0  0.0 -0.507 -0.422 2.005 3.142 0.273 1.449 -0.99 0.029 -0.446 -0.024 0.478 -23.0  0.0 -0.507 -0.488 2.581 0.507 1.22 1.459 -0.99 0.029 -0.446 -0.024 0.478 -23.0  0.0 -0.507 1.751 0.541 -0.144 2.229 1.454 -0.99 0.029 -0.446 -0.024 0.478 -23.0  0.0 -0.507 0.39 0.541 1.788 1.244 1.19 -0.99 0.029 -0.446 -0.024 0.478 -10.0  0.0 -0.376 0.002 0.82 0.998 0.273 1.19 -0.99 0.029 -0.446 -0.024 0.478 -18.0
0.2 0.1 0.2 0.1 0.1 0.2 0.2
false
false false false false false false false
2

001#3
0.0 -0.473 -0.759 0.942 0.639 0.107 1.342 -0.99 0.044 -0.446 -0.024 0.478 -23.0  0.0 -0.239 -1.337 0.751 -0.393 1.961 1.029 -0.827 0.044 -0.446 -0.024 0.478 -13.0  0.0 -0.756 0.259 1.732 1.546 0.322 1.571 -1.436 0.298 -0.446 0.444 0.639 -25.0
0.3 0.2 0.2
false
true true true
2

01#3
0.0 -0.473 -0.759 0.942 0.639 0.107 1.342 -0.99 0.044 -0.446 -0.024 0.478 -20.0  0.0 -0.239 -1.337 0.751 -0.393 1.961 1.029 -0.827 0.044 -0.446 -0.024 0.478 -14.0  0.0 -0.756 0.259 1.732 1.546 0.322 1.571 -1.436 0.298 -0.446 0.444 0.639 -26.0
0.3 0.2 0.2
false
true true true
2

010#3
0.0 -0.537 0.259 1.732 1.546 0.322 1.283 -1.095 0.298 -0.446 0.444 0.639 -25.0  0.0 -0.756 0.646 0.678 1.546 0.322 1.571 -1.436 0.298 -0.446 0.444 0.639 -25.0  0.0 -0.756 -1.037 2.907 1.261 0.322 1.571 -1.436 0.298 -0.446 0.444 0.639 -25.0  0.0 -0.756 0.646 0.678 1.546 0.322 1.571 -1.436 0.298 -0.446 0.444 0.639 -25.0  0.0 -0.756 -1.037 2.907 1.261 0.322 1.571 -1.436 0.298 -0.446 0.444 0.639 -25.0  0.0 -0.171 -0.188 2.459 2.849 0.107 0.356 -0.99 -0.21 -0.446 0.429 0.478 57.0  0.0 -0.171 -0.188 2.459 2.849 0.107 0.356 -0.99 -0.21 -0.446 0.429 0.478 57.0  0.0 -0.756 -1.037 2.907 1.261 0.322 1.571 -1.436 0.298 -0.446 0.444 0.639 -25.0  0.0 -0.756 -1.037 2.907 1.546 0.322 1.571 -1.436 0.298 -0.446 0.444 0.639 -25.0
0.2 0.1 0.1 0.1 0.3 0.1 0.1 0.1 0.1
false
true true true true true true true true true
2

011#3
0.0 -0.756 0.259 1.732 1.546 0.322 1.571 -1.436 0.298 -0.446 0.444 0.639 -25.0  0.0 -0.415 -0.788 1.732 1.078 0.322 1.307 -1.009 0.298 -0.446 0.098 0.639 -12.0  0.0 -0.346 -1.007 0.824 1.078 0.322 1.215 -1.009 0.049 -0.446 0.098 0.639 -23.0  0.0 -0.346 0.017 1.6 1.195 0.112 1.215 -1.009 0.049 -0.446 0.098 0.639 -23.0  0.0 -0.346 -1.007 0.824 1.078 0.322 1.215 -1.009 0.049 -0.446 0.098 0.639 -23.0  0.0 -0.346 0.017 1.6 1.195 0.112 1.215 -1.009 0.049 -0.446 0.098 0.639 -23.0  0.0 -0.346 -1.007 0.824 1.078 0.322 1.215 -1.009 0.049 -0.446 0.098 0.639 -23.0  0.0 -0.756 0.259 1.732 1.546 0.322 1.571 -1.436 0.298 -0.446 0.444 0.639 -25.0
0.1 0.1 0.1 0.1 0.1 0.1 0.1 0.1
false
true true true true true true true true
2

1#3
0.0 0.0 -0.795 0.81 0.756 0.0 0.0 0.0 0.0 0.0 0.0 0.0 -1.0  0.0 -0.268 -0.239 2.132 1.571 0.0 1.093 -1.168 -0.41 0.0 0.278 0.161 -21.0
0.1 0.1
false
false false
2

10#3
0.0 -0.268 -0.239 2.132 1.571 0.0 1.093 -1.168 -0.41 0.0 0.278 0.161 -24.0  0.0 -0.268 -1.168 1.054 0.712 0.0 1.093 -1.168 -0.41 0.0 0.278 0.161 -24.0  0.0 -0.551 -0.239 2.132 1.202 0.0 1.449 -1.514 -0.41 0.0 0.449 0.161 -30.0  0.0 -0.551 -0.239 2.132 1.202 0.0 1.449 -1.514 -0.41 0.0 0.449 0.161 -29.0  0.0 -0.268 0.017 1.498 2.439 0.0 -0.41 0.0 1.093 -1.168 0.161 0.278 -24.0
0.2 0.2 0.1 0.1 0.1
false
false false false false true
2

11#3
0.0 -0.268 -0.239 2.132 1.571 0.0 1.093 -1.168 -0.41 0.0 0.278 0.161 -22.0  0.0 -0.02 -1.0 1.063 0.529 0.337 0.2 -0.264 -0.068 -0.648 0.278 0.161 -1.0  0.0 -0.19 -1.0 1.063 0.529 0.337 0.2 -0.264 1.02 -0.629 0.278 -0.137 -2.0  0.0 -0.268 -0.327 1.776 1.188 0.0 -0.41 0.0 1.093 -1.168 0.161 0.278 -21.0
0.2 0.1 0.1 0.1
false
true true true true
2

100#3
0.0 -0.268 0.017 1.498 2.439 0.0 1.093 -1.168 -0.41 0.0 0.278 0.161 -24.0  0.0 -0.185 1.085 0.561 1.049 2.264 1.093 -1.168 -0.41 0.0 0.278 0.161 -14.0  0.0 -0.185 1.744 0.561 1.29 3.142 1.093 -1.168 -0.41 0.0 0.278 0.161 -13.0  0.0 -0.185 1.715 1.366 -0.459 2.264 1.093 -1.168 -0.41 0.0 0.278 0.161 -14.0  0.0 -0.185 -0.371 2.259 0.683 0.341 1.093 -1.168 -0.41 0.0 0.278 0.161 -14.0  0.0 -0.185 -0.854 1.366 0.859 0.985 1.093 -1.168 -0.444 0.0 0.278 0.161 -14.0  0.0 -0.171 -0.188 2.459 2.849 0.107 0.356 -0.99 -0.21 -0.446 0.429 0.478 57.0  0.0 -0.4 -1.263 2.137 0.778 0.0 1.346 -1.231 -0.444 0.0 0.278 0.161 -27.0
0.1 0.1 0.1 0.1 0.1 0.2 0.14 0.1
false
false false false false false false false false
2

101#3
0.0 -0.268 0.017 1.498 2.439 0.0 1.093 -1.168 -0.41 0.0 0.278 0.161 -18.0  0.0 -0.185 1.085 0.561 1.049 2.264 1.093 -1.168 -0.41 0.0 0.278 0.161 -14.0  0.0 -0.185 1.744 0.561 1.29 3.142 1.093 -1.168 -0.41 0.0 0.278 0.161 -14.0  0.0 -0.185 1.715 1.366 -0.459 2.264 1.093 -1.168 -0.41 0.0 0.278 0.161 -14.0  0.0 -0.185 -0.371 2.259 0.683 0.341 1.093 -1.168 -0.41 0.0 0.278 0.161 -14.0  0.0 -0.239 -1.571 0.395 -0.393 1.961 1.029 -0.827 0.044 -0.446 -0.024 0.478 -13.0  0.0 -0.239 -1.571 0.395 -0.393 1.961 1.029 -0.827 0.044 -0.446 -0.024 0.478 -13.0  0.0 -0.4 -0.546 1.927 0.939 0.512 1.254 -0.912 0.044 -0.446 -0.024 0.478 -17.0  0.0 -0.239 -1.571 0.395 -0.393 1.961 1.029 -0.827 0.044 -0.446 -0.024 0.478 -10.0  0.0 -0.4 -0.546 1.927 0.939 0.512 1.254 -0.912 0.044 -0.446 -0.024 0.478 -17.0
0.1 0.1 0.1 0.1 0.1 0.2 0.1 0.1 0.1 0.1
false
false false false false false false false false false false
2

110#3
0.0 -0.268 -0.327 1.776 1.188 0.0 1.093 -1.168 -0.41 0.0 0.278 0.161 -24.0  0.0 -0.498 -0.327 1.776 1.188 0.0 1.571 -1.285 -0.41 0.0 0.278 0.161 -32.0  0.0 -0.283 2.403 1.112 2.183 0.581 0.541 -0.52 1.259 -1.51 0.278 0.161 96.0  0.0 -0.283 2.403 1.112 2.183 0.581 0.541 -0.52 1.259 -1.51 0.278 0.161 96.0  0.0 -0.283 2.403 1.112 2.183 0.581 0.541 -0.52 1.259 -1.51 0.278 0.161 96.0  0.0 -0.532 1.715 1.449 1.144 0.673 -0.239 0.0 1.571 -1.495 0.488 0.429 -35.0
0.2 0.1 0.1 0.1 0.1 0.1
false
true true true true true true
2

111#3
0.0 -0.268 -0.327 1.776 1.188 0.0 -0.41 0.0 1.093 -1.168 0.161 0.278 -21.0  0.0 -0.02 -1.0 1.063 0.529 0.337 -0.068 -0.648 0.2 -0.264 0.161 0.278 -3.0  0.0 -0.19 -1.571 0.434 0.529 0.337 1.02 -0.629 0.2 -0.264 -0.137 0.278 -2.0  0.0 -0.268 -0.327 1.776 1.188 0.0 1.093 -1.168 -0.41 0.0 0.278 0.161 -21.0  0.0 -0.205 -1.571 0.985 1.188 0.0 1.142 -1.168 -0.473 0.0 0.22 0.278 -25.0  0.0 -0.268 -0.327 1.776 1.188 0.0 1.093 -1.168 -0.41 0.0 0.278 0.161 -22.0  0.0 -0.205 -1.571 0.985 1.188 0.0 1.142 -1.168 -0.473 0.0 0.278 0.278 -24.0  0.0 -0.268 -0.327 1.776 1.188 0.0 1.093 -1.168 -0.41 0.0 0.278 0.161 -24.0
0.1 0.1 0.08 0.07 0.06 0.05 0.04 0.02
false
false false false false false true true true
2

0#2
0.0 -0.293 -0.898 0.785 0.771 0.551 1.083 -0.835 -0.268 0.0 0.0 0.322 -18.0  0.0 -0.098 0.741 1.337 1.795 1.059 0.678 -0.571 -0.268 0.0 0.0 0.322 -10.0  0.0 -0.098 1.993 1.073 2.9 0.0 0.678 -0.571 -0.268 0.0 0.0 0.322 -10.0  0.0 -0.098 1.671 1.337 0.895 0.405 0.678 -0.571 -0.268 0.0 0.0 0.322 -10.0  0.0 -0.19 1.649 0.302 0.222 0.405 0.805 -0.699 -0.166 0.0 0.0 0.322 -10.0  0.356 -0.473 -0.188 0.942 0.544 0.107 1.342 -0.99 0.132 -0.322 -0.024 0.659 -20.0
0.11 0.21 0.08 0.07 0.06 0.2
false
true true true true true true
2

00#2
0.356 -0.473 -0.188 0.942 0.544 0.107 1.342 -0.99 0.132 -0.322 -0.024 0.659 -20.0  0.356 -0.302 2.139 1.2 2.351 0.629 0.932 -0.586 0.132 -0.322 -0.015 0.478 -12.0  0.356 -0.302 2.139 1.2 2.629 0.707 0.932 -0.586 0.132 -0.322 -0.015 0.478 -12.0  0.356 -0.61 0.28 0.302 0.229 0.522 1.463 -0.893 0.132 -0.132 -0.015 0.478 -22.0
0.2 0.2 0.06 0.2
false
true true false false
2

000#2
0.356 -0.473 -0.188 0.942 0.544 0.107 1.342 -0.99 0.132 -0.322 -0.024 0.659 -20.0  -0.288 -0.722 -0.188 0.942 0.544 0.107 1.571 -1.518 1.327 -1.262 0.424 0.839 -35.0  0.356 -0.302 2.139 1.2 2.351 0.629 0.932 -0.586 0.132 -0.322 -0.463 0.01 68.0  0.356 -0.302 2.139 1.2 2.629 0.707 0.932 -0.586 0.132 -0.322 -0.376 0.039 68.0  0.356 -0.61 0.28 0.302 0.229 0.522 1.463 -0.893 0.132 -0.132 -0.015 0.478 -22.0
0.2 0.2 0.2 0.06 0.2
false
true true false false false
2

001#2
0.356 -0.61 0.28 0.302 0.229 0.522 1.463 -0.893 0.132 -0.132 -0.015 0.478 -22.0  0.356 -0.322 -0.473 0.527 -0.32 1.195 0.546 -0.299 1.2 -1.033 -0.024 0.166 0.0  0.356 -0.512 -0.268 0.527 -0.32 1.195 0.42 -0.703 0.873 -0.497 -0.024 0.166 -3.0  0.863 -1.171 1.663 0.346 2.344 0.263 -0.117 -0.217 1.571 -0.609 -0.737 0.224 -6.0
0.2 0.07 0.07 0.2
false
true true false false
2

01#2
0.356 -0.473 -0.188 0.942 0.544 0.107 1.342 -0.99 0.132 -0.322 -0.024 0.659 -20.0  0.356 -0.322 -0.473 0.527 -0.32 1.195 0.546 -0.299 1.2 -1.033 -0.024 0.166 0.0  0.356 -0.473 -1.037 0.293 1.217 0.161 0.132 -0.322 1.342 -0.99 0.659 -0.024 -20.0
0.25 0.07 0.2
false
true true true
2

010#2
0.356 -0.512 -1.037 0.293 1.217 0.161 0.132 -0.322 1.342 -0.99 0.659 -0.024 -19.0  0.356 -0.898 0.229 0.293 -0.788 1.912 1.571 -1.335 0.439 -0.322 0.649 0.785 -17.0  0.356 -0.898 0.881 0.293 1.444 0.015 0.439 -0.322 1.571 -1.335 0.785 0.649 -30.0  0.356 -0.278 2.681 0.293 2.834 0.015 0.112 -0.322 0.263 -0.835 -0.02 -0.39 90.0  0.356 -0.278 2.681 0.293 2.834 0.015 0.112 -0.322 0.263 -0.835 -0.02 -0.39 90.0  0.356 -0.898 0.983 0.293 0.939 0.483 1.571 -1.335 0.483 -0.322 0.649 0.693 -27.0
0.2 0.1 0.06 0.2 0.05 0.1
false
true false true false false false
2

011#2
0.356 -0.473 1.217 0.161 -1.037 0.293 0.132 -0.322 1.342 -0.99 0.659 -0.024 -20.0  0.356 -0.473 -0.715 0.293 1.217 0.161 1.342 -0.99 0.132 -0.322 -0.024 0.659 -20.0  0.356 -0.473 1.217 0.161 -0.62 0.293 0.132 -0.322 1.342 -0.99 0.659 -0.024 -20.0  0.356 -0.307 -1.037 1.517 -0.912 1.961 0.942 -0.59 0.132 -0.322 -0.024 0.659 -13.0  -0.493 -0.644 1.283 0.293 1.693 0.161 0.132 -0.322 1.571 -1.18 0.659 0.273 -30.0
0.1 0.1 0.1 0.2 0.2
false
true false true false true
2

1#2
0.0 -0.293 -0.898 0.785 0.771 0.551 1.083 -0.835 -0.268 0.0 0.0 0.322 -18.0  0.0 -0.293 1.276 0.322 -1.293 0.41 -0.268 0.0 1.083 -0.835 0.322 0.0 -18.0
0.15 0.11
false
false true
2

10#2
0.0 -0.293 1.276 0.322 -1.293 0.41 -0.268 0.0 1.083 -0.835 0.322 0.0 -18.0  0.0 -0.698 -0.217 0.854 -0.466 1.278 1.424 -1.297 1.361 -1.471 0.322 0.6 -38.0  0.0 -0.615 1.912 1.19 2.359 0.41 0.293 -0.097 0.302 -0.431 -0.18 0.068 52.0  0.0 -0.615 1.912 1.19 2.359 0.41 0.293 -0.097 0.302 -0.431 -0.18 0.068 52.0  0.0 -0.507 1.276 0.322 -1.293 0.41 -0.268 0.0 1.429 -1.495 0.322 0.488 -34.0
0.2 0.2 0.11 0.11 0.11
false
true false false false true
2

11#2
0.0 -0.293 1.276 0.322 -1.293 0.41 -0.268 0.0 1.083 -0.835 0.322 0.0 -18.0  0.0 0.005 0.712 2.161 0.602 2.459 0.005 0.0 0.068 -0.19 0.015 0.0 -8.0  0.0 -0.107 -0.759 1.654 -1.081 2.083 0.654 -0.617 -0.268 0.0 0.0 0.322 -12.0  0.0 -0.293 1.276 0.322 1.137 0.102 -0.268 0.0 1.083 -0.835 0.322 0.0 -18.0
0.15 0.3 0.11 0.11
false
true false false true
2

100#2
0.0 -0.507 1.276 0.322 -1.293 0.41 -0.268 0.0 1.429 -1.495 0.322 0.488 -34.0  0.0 -0.507 1.993 0.322 0.983 0.41 1.429 -1.495 -0.268 0.0 0.488 0.322 -34.0  0.0 -0.507 1.993 0.322 0.983 0.41 1.429 -1.495 -0.268 0.0 0.488 0.322 -34.0  0.0 -0.507 0.983 0.41 1.993 0.322 1.429 -1.495 -0.268 0.0 0.488 0.322 -34.0  0.0 -0.507 1.993 0.322 0.983 0.41 1.429 -1.495 -0.268 0.0 0.488 0.322 -34.0  0.0 -0.507 0.983 0.41 1.993 0.322 1.429 -1.495 -0.268 0.0 0.488 0.322 -34.0  0.0 -0.507 1.993 0.322 0.983 0.41 1.429 -1.495 -0.268 0.0 0.488 0.322 -34.0  0.0 -0.507 1.993 0.322 0.983 0.41 1.429 -1.495 -0.268 0.0 0.488 0.322 -34.0
0.11 0.11 0.11 0.1 0.09 0.08 0.07 0.05
false
true false false false false false false false
2

101#2
0.0 -0.507 1.276 0.322 -1.293 0.41 -0.268 0.0 1.429 -1.495 0.322 0.488 -34.0  0.0 -0.507 -0.693 0.483 -1.293 1.981 1.463 -1.495 -0.268 0.0 0.488 0.322 -34.0  0.0 -0.507 -0.693 0.483 -1.293 1.981 1.463 -1.495 -0.268 0.0 0.488 0.322 -34.0  0.0 -0.507 -0.912 1.776 1.707 0.093 1.463 -1.495 -0.268 0.0 0.488 0.322 -34.0  0.0 -0.507 -0.693 1.532 -1.293 1.981 1.463 -1.495 -0.268 0.0 0.488 0.322 -34.0  0.0 -0.507 1.817 0.093 -0.912 1.776 1.463 -1.495 -0.268 0.0 0.488 0.322 -34.0  0.0 -0.507 -0.481 1.322 -1.293 1.981 1.463 -1.495 -0.268 0.0 0.488 0.322 -34.0  0.0 -0.507 -0.912 1.776 1.817 0.093 1.463 -1.495 -0.268 0.0 0.488 0.322 -34.0
0.11 0.21 0.05 0.11 0.05 0.11 0.05 0.11
false
true false false false false false false false
2

110#2
0.0 -0.293 1.276 0.322 1.137 0.102 -0.268 0.0 1.083 -0.835 0.322 0.0 -18.0  0.0 0.005 0.712 2.161 0.602 2.459 0.005 0.0 0.068 -0.19 0.015 0.0 -8.0  0.0 0.005 0.712 2.161 0.602 2.459 0.005 0.0 0.068 -0.19 0.015 0.0 -8.0  0.0 -0.068 2.768 0.156 3.025 0.0 0.82 -0.858 0.054 -0.039 0.015 -0.356 7.0  0.0 -0.068 2.768 0.156 3.025 0.0 0.82 -0.858 0.054 -0.039 0.015 -0.356 7.0  0.0 -0.527 0.668 0.322 0.968 0.102 -0.268 0.0 1.561 -1.025 0.322 0.0 -31.0
0.11 0.1 0.1 0.2 0.2 0.11
false
true false false false false true
2

111#2
0.0 -0.293 1.276 0.322 1.137 0.102 -0.229 0.0 1.083 -0.835 0.512 0.0 -18.0  0.0 -0.634 1.276 0.322 1.173 0.102 1.571 -1.495 1.571 -1.328 0.463 0.493 -38.0  0.0 -0.639 1.276 0.322 -1.146 2.161 0.937 -0.543 -0.268 -0.035 -0.005 -0.112 92.0  0.0 -0.639 -1.146 2.161 1.276 0.322 0.937 -0.839 -0.268 -0.035 -0.005 -0.112 42.0  0.0 -0.746 1.276 0.322 -1.285 2.356 1.571 -2.003 0.063 -0.311 0.493 0.712 -38.0
0.11 0.11 0.11 0.11 0.11
false
false false false false false
2

0#1
0.0 -0.293 -0.898 0.785 0.771 0.551 1.083 -0.835 -0.268 0.0 0.0 0.322 -18.0  0.0 -0.293 -1.0 0.785 0.771 0.551 1.083 -0.835 -0.268 0.0 0.0 0.322 -18.0  0.0 -0.098 -0.781 1.005 1.795 1.059 0.678 -0.571 -0.268 0.0 0.0 0.322 -10.0  0.0 -0.098 0.566 0.302 2.9 0.0 0.678 -0.571 -0.268 0.0 0.0 0.322 -10.0  0.356 -0.473 -0.634 0.678 0.544 0.107 1.342 -0.99 0.132 -0.322 -0.024 0.659 -20.0
0.01 0.11 0.21 0.08 0.2
false
true true true true true
0

00#1
0.356 -0.473 -0.576 0.595 0.544 0.107 1.342 -0.99 0.132 -0.322 -0.024 0.659 -20.0  0.356 -0.473 0.398 0.322 0.544 0.107 1.342 -0.99 0.132 -0.322 -0.024 0.659 -20.0  0.356 -0.302 2.139 0.917 2.351 0.629 0.932 -0.586 0.132 -0.322 -0.015 0.478 -12.0  0.356 -0.302 2.439 0.946 2.629 0.707 0.932 -0.586 0.132 -0.322 -0.015 0.478 -12.0  0.356 -0.61 0.28 0.302 0.229 0.522 1.463 -0.893 0.132 -0.132 -0.015 0.478 -22.0
0.1 0.2 0.2 0.06 0.2
false
true true true false false
0

000#1
0.356 -0.473 -0.188 0.942 0.544 0.107 1.342 -0.99 0.132 -0.322 -0.024 0.659 -20.0  -0.288 -0.722 -0.188 0.942 0.544 0.107 1.571 -1.518 1.327 -1.262 0.424 0.839 -35.0  0.356 -0.302 2.139 1.2 2.351 0.629 0.932 -0.586 0.132 -0.322 -0.463 0.01 68.0  0.356 -0.302 2.139 1.2 2.629 0.707 0.932 -0.586 0.132 -0.322 -0.376 0.039 68.0  0.356 -0.61 0.28 0.302 0.229 0.522 1.463 -0.893 0.132 -0.132 -0.015 0.478 -22.0
0.2 0.2 0.2 0.06 0.2
false
true true false false false
2

001#1
0.122 -0.59 0.171 0.605 0.229 0.522 1.463 -0.893 0.132 -0.132 -0.015 0.478 -21.0  -0.224 -0.054 0.537 1.254 0.683 1.259 1.107 -0.893 -0.624 -0.132 -0.015 0.761 -40.0  -0.034 -0.054 -0.349 2.468 -0.283 2.527 1.107 -0.893 -0.624 -0.132 -0.015 0.761 -39.0  0.356 -0.054 0.924 2.468 -1.161 3.142 1.107 -0.893 -0.624 -0.132 -0.015 0.761 -39.0  0.776 -0.054 1.876 1.142 -1.161 3.142 1.107 -0.893 -0.624 -0.132 -0.015 0.761 -39.0  -0.029 -0.79 1.737 0.605 0.902 1.234 1.571 -1.495 0.122 -0.132 0.673 0.727 -39.0
0.2 0.4 0.2 0.2 0.2 0.2
false
false false false false true true
0

01#1
0.356 -0.473 -0.188 0.942 0.544 0.107 1.342 -0.99 0.132 -0.322 -0.024 0.659 -20.0  0.356 -0.322 -0.473 0.527 -0.32 1.195 0.546 -0.299 1.2 -1.033 -0.024 0.166 0.0  0.356 -0.473 -1.037 0.293 1.217 0.161 0.132 -0.322 1.342 -0.99 0.659 -0.024 -20.0
0.25 0.07 0.2
false
true true true
2

010#1
0.356 -0.478 -1.037 0.293 1.217 0.161 0.132 -0.322 1.342 -0.99 0.659 -0.024 -21.0  0.356 -0.898 1.181 0.239 -0.788 1.912 1.571 -1.335 0.439 -0.322 0.649 0.785 -17.0  0.356 -0.898 1.298 0.293 1.444 0.015 0.439 -0.322 1.571 -1.335 0.785 0.649 -30.0  0.356 -0.278 2.681 0.293 2.834 0.015 0.112 -0.322 0.263 -0.835 -0.02 -0.39 90.0  0.356 -0.278 2.681 0.293 2.834 0.015 0.112 -0.322 0.263 -0.835 -0.02 -0.39 90.0  0.356 -0.898 0.983 0.293 0.939 0.483 1.571 -1.335 0.483 -0.322 0.649 0.693 -27.0
0.2 0.1 0.06 0.2 0.05 0.1
false
true false true false false false
0

011#1
0.356 -0.473 -1.037 0.293 1.217 0.161 0.132 -0.322 1.342 -0.99 0.659 -0.024 -20.0  0.356 -0.473 1.217 0.161 -0.62 0.293 1.342 -0.99 0.132 -0.322 -0.024 0.659 -10.0  0.356 -0.307 -1.037 1.517 -0.912 1.961 0.132 -0.322 0.942 -0.59 0.659 -0.024 -3.0  -0.493 -0.644 1.1 0.639 1.473 0.161 1.571 -1.18 0.132 -0.322 0.273 0.659 -30.0
0.2 0.1 0.2 0.2
false
true false true false
0

1#1
0.0 -0.293 -0.898 0.785 0.771 0.551 1.083 -0.835 -0.268 0.0 0.0 0.322 -18.0  0.0 -0.293 -0.898 0.785 -0.532 1.473 1.083 -0.835 -0.268 0.0 0.0 0.322 -18.0  0.0 -0.293 -0.898 0.785 -0.532 1.059 1.083 -0.835 -0.268 0.0 0.0 0.322 -18.0  0.0 -0.293 -1.293 0.41 1.276 0.322 -0.268 0.0 1.083 -0.835 0.322 0.0 -18.0
0.1 0.1 0.15 0.11
false
false false false true
0

10#1
0.0 -0.293 -1.293 0.41 1.276 0.322 -0.268 0.0 1.083 -0.835 0.322 0.0 -18.0  0.0 -0.698 -0.217 0.854 -0.466 1.278 1.424 -1.297 1.361 -1.471 0.322 0.6 -38.0  0.0 -0.615 1.912 1.19 2.359 0.41 0.293 -0.097 0.302 -0.431 -0.18 0.068 52.0  0.0 -0.615 1.912 1.19 2.359 0.41 0.293 -0.097 0.302 -0.431 -0.18 0.068 52.0  0.0 -0.507 0.566 0.707 0.844 0.41 -0.268 0.0 1.429 -1.495 0.322 0.488 -34.0
0.11 0.2 0.11 0.07 0.11
false
true false false false true
0

11#1
0.0 -0.293 -1.293 0.41 1.276 0.322 -0.268 0.0 1.083 -0.835 0.322 0.0 -18.0  0.0 0.005 2.022 0.439 0.559 1.717 0.005 0.0 0.068 -0.19 0.015 0.0 -8.0  0.0 0.005 2.022 0.439 0.559 1.717 0.005 0.0 0.068 -0.19 0.015 0.0 -8.0  0.0 -0.107 0.551 0.878 -1.081 2.083 0.654 -0.617 -0.268 0.0 0.0 0.322 -12.0  0.0 -0.107 0.551 0.878 -1.081 2.083 0.654 -0.617 -0.268 0.0 0.0 0.322 -12.0  0.0 -0.293 0.617 0.902 1.137 0.102 -0.268 0.0 1.083 -0.835 0.322 0.0 -18.0
0.11 0.2 0.1 0.11 0.11 0.11
false
true false false false false true
0

100#1
0.0 -0.507 0.566 0.707 0.844 0.41 -0.268 0.0 1.429 -1.495 0.322 0.488 -34.0  0.0 -0.688 0.507 1.034 0.983 0.41 1.429 -1.495 -0.015 0.0 0.488 0.322 -34.0  0.0 -0.688 0.507 1.034 0.983 0.41 1.429 -1.495 -0.015 0.0 0.488 0.322 -34.0  0.0 -0.507 1.027 0.41 -0.393 0.322 1.429 -1.495 -0.268 0.0 0.488 0.322 -34.0  0.0 -0.507 1.027 0.41 -0.393 0.322 1.429 -1.495 -0.268 0.0 0.488 0.322 -34.0  0.0 -0.22 2.725 0.322 2.593 0.41 1.429 -1.495 -0.268 0.0 0.488 0.322 -14.0  0.0 -0.22 2.725 0.322 2.593 0.41 -0.268 0.0 1.429 -1.495 0.322 0.488 -14.0  0.0 -0.507 1.027 0.41 -1.161 0.322 1.429 -1.495 -0.268 0.0 0.488 0.322 -34.0
0.11 0.11 0.11 0.1 0.1 0.11 0.11 0.1
false
true false false false false false true false
0

101#1
0.0 -0.507 0.566 0.707 0.844 0.41 -0.268 0.0 1.429 -1.495 0.322 0.488 -34.0  0.0 0.102 0.727 0.707 -0.978 2.044 -0.122 -1.7 1.571 -1.968 -0.381 0.527 -74.0  0.0 0.102 0.727 0.707 -0.978 2.044 -0.122 -1.7 1.571 -1.968 -0.381 0.527 -74.0  0.0 -0.507 1.407 0.707 1.649 0.41 1.429 -1.495 -0.268 0.0 0.488 0.322 -34.0
0.11 0.41 0.11 0.11
false
true true true false
0

110#1
0.0 -0.293 0.676 0.902 1.137 0.102 -0.268 0.0 1.083 -0.835 0.322 0.0 -18.0  0.0 0.005 0.712 2.322 0.602 2.459 0.005 0.0 0.068 -0.19 0.015 0.0 -8.0  0.0 0.005 0.712 2.322 0.602 2.459 0.005 0.0 0.068 -0.19 0.015 0.0 -8.0  0.0 -0.068 2.768 0.156 3.025 0.0 0.82 -0.858 0.054 -0.039 0.015 -0.356 7.0  0.0 -0.068 2.768 0.156 3.025 0.0 0.82 -0.858 0.054 -0.039 0.015 -0.356 7.0  0.0 -0.527 0.668 0.322 0.968 0.102 -0.268 0.0 1.561 -1.025 0.322 0.0 -31.0  0.0 -0.527 0.273 0.81 -0.934 0.102 -0.268 0.0 1.561 -1.025 0.322 0.0 -31.0
0.11 0.1 0.1 0.2 0.2 0.11 0.11
false
true false false false false true true
0

111#1
0.0 -0.293 0.617 0.902 1.137 0.102 -0.268 0.0 1.083 -0.835 0.322 0.0 -18.0  0.0 -0.746 1.276 0.322 -1.285 2.356 1.571 -2.003 0.063 -0.311 0.493 0.712 -38.0  0.0 -0.746 -0.759 2.366 1.876 0.0 0.063 -0.311 1.571 -2.003 0.712 0.493 -38.0  0.0 -0.746 1.276 0.322 -1.285 2.356 1.571 -2.003 0.063 -0.311 0.493 0.712 -38.0  0.0 -0.746 -0.759 2.366 1.876 0.0 0.063 -0.311 1.571 -2.003 0.712 0.493 -38.0  0.0 -0.746 1.276 0.322 -1.285 2.356 1.571 -2.003 0.063 -0.311 0.493 0.712 -38.0  0.0 -0.746 -0.759 2.366 1.876 0.0 0.063 -0.311 1.571 -2.003 0.712 0.493 -38.0
0.11 0.11 0.11 0.11 0.11 0.11 0.11
false
true false true false true false true
0

idle_no_weapon
0.0 -0.19 0.09 2.581 0.317 1.956 0.62 -0.377 -0.005 0.0 -0.102 0.117 -6.0  0.0 -0.151 0.01 2.581 0.266 1.956 0.581 -0.377 -0.044 0.0 -0.102 0.117 -5.0
0.6 0.6
true
true true
0

0#0
-0.195 -0.19 0.09 2.581 0.317 1.956 0.62 -0.377 -0.005 0.0 -0.102 0.117 -6.0  0.0 -0.259 0.09 2.581 1.583 0.254 0.732 -0.555 -0.005 0.0 0.073 0.234 -6.0  0.0 -0.259 0.09 2.581 1.583 0.254 0.732 -0.555 -0.005 0.0 0.073 0.234 -6.0  -0.176 -0.19 0.09 2.581 0.317 1.956 0.62 -0.377 -0.005 0.0 -0.102 0.117 -6.0
0.2 0.03 0.03 0.1
false
true true true true
0

1#0
0.0 -0.19 0.09 2.581 0.317 1.956 0.62 -0.377 -0.005 0.0 -0.102 0.117 -6.0  0.0 0.088 0.09 2.581 0.317 1.956 1.161 -2.123 -0.137 0.0 -0.42 0.117 -6.0  0.0 0.459 0.09 2.581 0.317 1.956 1.556 -0.229 -0.459 0.0 -0.629 0.117 -6.0  0.0 0.459 0.09 2.581 0.317 1.956 1.556 -0.229 -0.459 0.0 -0.629 0.117 -6.0  0.0 0.088 0.09 2.581 0.317 1.956 1.161 -2.123 -0.137 0.0 -0.42 0.117 -6.0  0.0 -0.19 0.09 2.581 0.317 1.956 0.62 -0.377 -0.005 0.0 -0.102 0.117 -6.0
0.2 0.05 0.1 0.1 0.2 0.1
false
false false false false false false
0

dash_angle_N15_0
0.0 0.0 -0.795 0.81 0.485 0.507 0.0 0.0 0.0 0.0 0.0 0.0 -1.0  0.0 -0.361 -0.795 0.81 0.998 0.0 0.824 -0.435 -0.122 0.0 -0.102 0.0 -6.0  0.0 -0.361 -0.466 1.21 0.844 0.0 0.824 -0.435 -0.122 0.0 -0.102 0.0 -6.0
0.02 0.08 0.08
false
false false false
2

one_hand_chop
0.0 -0.302 -0.898 0.883 0.288 1.02 1.122 -0.699 -0.346 0.0 -0.156 0.322 -20.0  0.0 -0.2 0.961 0.785 1.21 0.551 0.912 -0.835 -0.327 0.0 0.0 0.322 -18.0  0.0 -0.039 1.985 0.785 2.264 0.551 0.932 -0.905 -0.61 0.0 0.0 0.322 -22.0  0.0 -0.624 0.478 0.785 0.727 0.551 1.444 -0.644 0.059 0.0 -0.2 0.322 -20.0
0.1 0.2 0.1 0.1
false
true true true true
2

one_hand_dash
0.0 -0.302 -1.132 1.02 0.339 1.029 1.122 -0.699 -0.346 0.0 -0.156 0.322 -20.0  0.0 -0.293 0.083 1.122 0.383 0.732 1.112 -1.017 -0.327 0.0 0.224 0.322 -20.0  0.0 -0.463 1.378 0.0 1.495 0.0 1.268 -1.316 -0.2 0.0 0.488 0.322 -29.0
0.1 0.05 0.09
false
true true true
2

dash_angle_0_0
0.0 0.0 -0.795 0.81 0.756 0.0 0.0 0.0 0.0 0.0 0.0 0.0 -1.0  0.0 -0.268 -0.239 2.132 1.571 0.0 1.093 -1.168 -0.41 0.0 0.278 0.161 -24.0
0.1 0.1
false
false false
2

chop_0
0.0 -0.268 -0.239 2.132 1.571 0.0 1.093 -1.168 -0.41 0.0 0.278 0.161 -24.0  0.0 0.0 -0.795 0.81 0.756 0.0 0.0 0.0 0.0 0.0 0.0 0.0 -1.0  0.0 0.078 -0.62 1.366 0.793 0.727 0.585 -0.571 -0.61 0.0 -0.137 0.0 -9.0  0.0 0.078 -0.327 2.405 1.905 0.0 0.854 -1.153 -0.815 0.0 0.215 0.234 -29.0  0.0 0.078 -0.327 2.405 1.905 0.0 0.854 -1.153 -0.815 0.0 0.215 0.234 -29.0  0.0 0.078 -0.795 1.454 0.668 0.0 1.088 -1.615 -0.751 -0.446 0.429 0.478 -43.0
0.1 0.1 0.1 0.05 0.12 0.18
false
false false false false false false
2

chop_1
0.0 0.078 -0.795 1.454 0.668 0.0 1.088 -1.615 -0.751 -0.446 0.429 0.478 -43.0  0.0 -0.171 -0.188 2.459 2.849 0.107 0.356 -0.99 -0.21 -0.446 0.429 0.478 57.0  0.0 -0.171 -0.188 2.459 2.849 0.107 0.356 -0.99 -0.21 -0.446 0.429 0.478 37.0  0.0 -0.473 -0.188 0.942 0.544 0.107 1.342 -0.99 0.044 -0.446 -0.024 0.478 -23.0
0.18 0.14 0.16 0.2
false
false false false false
2

dash_angle_30_0
0.0 0.0 -0.795 0.81 0.756 0.0 0.0 0.0 0.0 0.0 0.0 0.0 -1.0  0.0 0.078 -0.62 1.366 0.793 0.727 0.585 -0.571 -0.61 0.0 -0.137 0.0 -9.0  0.0 0.078 -0.327 2.405 1.905 0.0 0.854 -1.153 -0.815 0.0 0.215 0.234 -29.0
0.08 0.09 0.02
false
false false false
2

dash_angle_15_0
0.0 0.0 -0.795 0.81 0.756 0.0 0.0 0.0 0.0 0.0 0.0 0.0 -1.0  0.0 0.078 -0.62 0.99 1.027 0.0 0.585 -0.571 -0.61 0.0 -0.137 0.0 -9.0  0.0 0.078 -0.788 1.742 1.246 0.0 0.917 -1.153 -0.815 0.0 0.215 0.234 -29.0
0.08 0.09 0.02
false
false false false
2

dash_angle_N30_0
0.0 0.0 -0.795 0.81 0.485 0.507 0.0 0.0 0.0 0.0 0.0 0.0 -1.0  0.0 -0.361 -0.795 0.81 0.756 0.0 0.824 -0.435 -0.122 0.0 -0.102 0.0 -6.0  0.0 -0.361 -0.166 1.21 0.756 0.0 0.824 -0.435 -0.122 0.0 -0.102 0.0 -6.0
0.02 0.08 0.08
false
false false false
1
